10413
10430
10447
10457
10599
10617
10700
10708
10709
10710
10714
10718
10726
10742
10743
10745
10749
10752
10791
10801
10820
10825
10829
10833
10876
10904
10915
10918
10931
10932
10972
11032
11052
11082
11087
11089
11138
11161
11163
11224
11263
11266
11267
11268
11279
11288
11290
11308
11331
11332
11350
11370
11371
11393
11427
11437
11440
11446
11456
11461
11464
11470
11471
11478
11484
11495
11496
11497
11545
11553
11579
11671
11684
11686
11701
11729
11734
11735
11746
11756
11770
11782
11811
11812
11826
11848
11874
11879
11880
11881
11882
11891
11892
11897
11914
11915
11920
11924
11968
11969
11970
12013
12031
12032
12033
12034
12035
12039
12046
12047
12054
12060
12061
12062
12063
12065
12069
12073
12076
12077
12085
12086
12087
12088
12089
12092
12093
12095
12121
12122
12126
12251
12284
12292
12295
12299
12300
12301
12326
12328
12344
12433
12438
12439
12442
12473
12476
12490
12522
12544
12575
12577
12587
12617
12647
12681
12717
12854
12889
12893
12904
12972
13052
13077
13084
13137
13150
13188
13222
13234
13235
13245
13334
13351
13401
13431
13455
13538
13580
13658
13706
13729
13737
13890
13893
13896
14013
14044
14057
14080
14098
14103
14106
14113
14124
14135
14152
14220
14237
14244
14255
14297
14308
14309
14332
14340
14343
14349
14356
14357
14370
14399
14455
14463
14475
14481
14485
14486
14490
14531
14533
14546
14558
14568
14572
14604
14653
14925
15007
15016
15071
15091
15103
15104
15109
15204
15205
15210
15211
15243
15244
15250
15271
15272
15276
15307
15308
15310
15312
15331
15371
15513
15522
15553
15587
15588
15618
15644
15655
15669
15718
15719
15720
15789
15816
15875
15876
15878
15879
15880
15881
15882
15883
15965
15970
16009
16046
16048
16096
16097
16118
16180
16182
16196
16197
16283
16368
16460
16461
16472
16475
16486
16493
16526
16548
16623
16682
16742
16747
16757
16790
16811
16823
16824
16825
16848
16857
16865
16866
16917
16923
16976
17083
17099
17124
17154
17169
17211
17231
17247
17286
17287
17288
17314
17413
17452
17549
17655
17688
17812
17823
18105
18185
18189
18289
18332
18333
18365
18370
18371
18379
18381
18384
18407
18411
18458
18464
18496
18542
18601
18607
18647
18648
18660
18699
18703
18704
18713
18744
18749
18840
18844
18845
18986
19003
19024
19070
19077
19147
19150
19151
19161
19166
19188
19259
19265
19266
19375
19383
19389
19489
19494
19498
19499
19525
19539
19592
19656
19662
19759
19829
19860
19870
19872
19945
20049
20137
20189
20200
20209
20210
20246
20251
20273
20310
20330
20350
20392
20393
20401
20404
20413
20441
20443
20447
20477
20493
20501
20507
20614
20653
20724
20755
20794
20812
20824
20825
20834
20885
20902
20903
20966
20984
21107
21157
21184
21187
21220
21236
21261
21263
21319
21322
21326
21359
21363
21488
21491
21515
21523
21554
21575
21577
21652
21692
21714
21717
21813
21863
21872
21880
21881
21882
21919
21945
21988
22139
22244
22316
22368
22375
22419
22433
22464
22573
22574
22599
22620
22650
22705
22741
22763
22783
22810
22880
22883
23007
23012
23042
23198
23260
23327
23361
23378
23404
23462
23606
23725
23737
23739
23837
23879
24047
24056
24067
24103
24119
24123
24131
24141
24198
24231
24363
24371
24417
24496
24520
24803
24995
25076
25089
25090
25098
25150
25184
25213
25246
25306
25494
25561
25590
25674
25685
25700
25701
25811
25935
25945
25972
26009
26062
26117
26130
26229
26248
26419
26464
26549
26579
26587
26608
26612
26613
26694
26696
27049
27301
27372
27447
27475
27488
27642
27653
27655
27695
27735
27877
27915
27929
28002
28281
28319
28529
28558
28580
28718
28858
28859
28871
29038
29153
29212
29373
29424
29573
29649
29687
29759
29788
29841
29846
29886
30020
30077
30108
30230
30240
30314
30536
30543
30620
30627
30699
30725
30778
30818
30819
30923
30931
30938
30951
30993
31039
31102
31185
31228
31248
31257
31277
31401
31413
31515
31635
31644
31695
31722
31736
32028
32044
32153
32176
32252
32324
32412
32579
32601
32674
32743
32784
32785
33002
33032
33055
33123
33125
33126
33127
33176
33177
33479
33498
33550
33606
33607
33613
33631
33635
33648
33671
33672
33755
33794
33795
33796
33970
34001
34037
34170
34228
34229
34328
34359
34655
34656
34657
34658
34665
34706
34870
35357
35378
35686
35698
35750
35860
35935
35969
36017
36143
36206
36273
36343
36547
36590
36599
36646
36678
36704
36754
36921
36938
36939
36941
36971
36986
37118
37278
37323
37425
37439
37462
37494
37534
37541
37589
37791
37801
37879
37928
37993
38002
38072
38078
38081
38103
38111
38117
38239
38247
38320
38363
38376
38409
38421
38422
38477
38687
38853
38951
39042
39047
39237
39239
39299
39302
39527
39562
39753
39853
39854
39870
39875
39876
39877
39878
39879
39912
39940
39941
39950
39951
39962
40045
40082
40118
40312
40313
40316
40318
40341
40499
40539
40586
40618
40619
40621
40622
40623
40627
40634
40958
41022
41028
41029
41166
41214
41224
41331
41428
41448
41507
41531
41532
41533
41539
41567
41575
41643
41868
41911
41912
41947
41958
42061
42091
42163
42266
42486
42747
42807
42810
42856
42963
43026
43043
43256
43402
43420
43543
43544
43581
43585
43659
43709
43834
43835
43837
43839
43848
43850
43931
44073
44093
44111
44215
44600
44601
44602
44788
44844
44946
45074
45911
46533
47237
47410
47479
47480
47501
47579
47803
47806
47965
48079
48190
48213
48847
48905
49351
49837
50163
50294
50369
50465
50603
50895
51039
51081
51222
51371
51431
51550
51576
51717
51886
52272
52295
52416
52641
52998
53000
53001
53027
53184
53359
53372
53374
53375
53381
53503
53555
53558
53560
53562
53598
53704
53709
53814
54120
54158
54204
54343
54385
54687
54738
54739
54740
54832
54833
54891
54892
55182
55223
55251
55307
55331
55390
55395
55396
55471
55492
55672
55676
55680
55683
55748
55970
56009
56180
56205
56206
56207
56208
56293
56296
56329
56330
56494
56706
57004
57112
57338
57364
57449
57472
57952
57987
58004
58258
59541
59543
59545
59547
59772
59802
59913
60021
60026
60049
60055
60063
60464
60582
60605
60608
60651
60726
60846
60865
60960
61138
61351
61357
61373
61419
61423
61503
61514
61721
61743
61799
61840
61864
61873
61898
61949
61969
61975
61986
62003
62089
62102
62117
62286
62326
62356
62405
62418
62420
62462
62503
62525
62626
62693
62724
62747
62789
62817
62847
62936
62956
62959
62977
62998
62999
63000
64120
64171
64339
64389
64601
64718
64727
64766
64798
64800
64810
64860
64928
64929
64956
64969
65029
65039
65041
65042
65065
65072
65083
65089
65097
65098
65104
65124
65126
65138
65163
65189
65203
65249
65259
65272
65274
65358
65394
65396
65420
65493
65509
65512
65526
65557
65628
65632
65633
65664
65680
65690
65708
65736
65747
65754
65773
65781
65784
65787
65828
65838
65851
65890
65894
65913
65922
65940
65944
65946
65947
65957
65958
65960
65961
65987
65995
66000
66003
66025
66085
66091
66096
66114
66121
66141
66154
66167
66250
66254
66336
66343
66345
66346
66424
66440
66451
66494
66520
66531
66551
66562
66563
66564
66579
66582
66628
66637
66640
66642
66643
66646
66651
66674
66723
66724
66728
66740
66789
66822
66833
66836
66837
66839
66862
66884
66897
66900
66907
66980
67024
67030
67037
67042
67045
67061
67063
67069
67112
67145
67149
67174
67219
67252
67306
67307
67317
67361
67427
67532
67537
67542
67584
67600
67613
67617
67640
67658
67661
67671
67678
67687
67695
67701
67712
67818
67827
67833
67869
67882
67946
67947
67977
67979
67987
67992
67998
68014
68072
68074
68092
68093
68114
68134
68137
68138
68139
68141
68144
68152
68158
68164
68185
68204
68205
68209
68210
68234
68309
68310
68328
68350
68412
68413
68441
68442
68443
68448
68452
68459
68474
68475
68482
68483
68492
68494
68499
68511
68512
68513
68520
68524
68535
68610
68624
68662
68679
68686
68700
68706
68707
68715
68726
68736
68752
68758
68769
68776
68830
68841
68869
68870
68888
68908
68940
68941
68987
68991
68992
69017
69037
69039
69043
69065
69096
69113
69114
69116
69117
69118
69121
69122
69126
69129
69131
69134
69147
69161
69189
69199
69226
69241
69248
69257
69263
69265
69266
69346
69362
69382
69387
69398
69435
69436
69461
69465
69466
69469
69470
69475
69483
69508
69519
69522
69544
69548
69549
69550
69553
69567
69568
69571
69581
69660
69702
69711
69732
69761
69789
69820
69867
69903
69913
69957
69961
69986
70032
70046
70134
70140
70156
70161
70165
70246
70282
70286
70323
70329
70336
70343
70345
70356
70357
70372
70373
70388
70410
70509
70534
70565
70590
70610
70615
70630
70653
70666
70684
70703
70705
70744
70799
70804
70817
70832
70834
70841
70847
70852
70862
70866
70878
70910
70912
70914
71001
71002
71036
71068
71070
71077
71080
71082
71083
71092
71098
71170
71186
71188
71194
71244
71320
71321
71334
71335
71341
71354
71365
71392
71399
71452
71462
71473
71502
71558
71559
71563
71567
71598
71603
71606
71651
71703
71704
71771
71794
71807
71818
71827
71862
71895
71992
72015
72022
72065
72085
72099
72120
72131
72150
72162
72172
72390
72418
72474
72574
72600
72620
72622
72626
72656
72774
72811
72854
72862
72871
72873
72874
72886
72899
72911
72912
72917
72924
72930
72938
72971
72972
72973
72990
73018
73046
73064
73086
73139
73142
73187
73189
73271
73284
73305
73306
73376
73486
73530
73537
73557
73562
73683
73758
73777
73778
73801
73802
73824
73825
73836
73846
73850
73863
73869
73880
73913
73914
73917
73922
73927
74079
74083
74099
74102
74115
74119
74151
74215
74221
74234
74235
74280
74281
74300
74406
74433
74469
74502
74503
74562
74563
74585
74611
74618
74649
74651
74653
74654
74655
74656
74657
74658
74665
74701
74709
74710
74713
74758
74776
74785
74790
74809
74818
74839
74840
74924
74949
74969
74985
75009
75019
75071
75152
75172
75182
75183
75184
75200
75210
75231
75236
75237
75251
75259
75313
75314
75315
75316
75318
75329
75365
75366
75367
75379
75451
75534
75551
75568
75598
75599
75605
75606
75619
75620
75636
98763
98765
98766
98770
98775
98782
98810
98824
98831
98835
98845
98864
98882
98897
98928
98947
98950
98960
98967
98978
98994
98996
99024
99047
99094
99152
99166
99209
99223
99282
99288
99289
99290
99291
99307
99325
99327
99455
99463
99467
99472
99478
99483
99514
99521
99522
99524
99558
99570
99594
99613
99621
99679
99715
99718
99719
99725
99749
99777
99815
99816
99823
99824
99835
99843
99862
99871
99873
99906
99935
99978
99985
100001
100048
100063
100081
100095
100099
100105
100106
100107
100108
100111
100113
100115
100116
100117
100122
100135
100138
100148
100185
100206
100310
100321
100383
100393
100413
100493
100503
100714
100825
100851
100873
101030
101104
101105
101106
101112
101122
101176
101179
101180
101181
101182
101183
101184
101186
101198
101234
101265
101283
101290
101319
101325
101359
101369
101370
101383
101386
101388
101399
101403
101412
101437
101457
101526
101540
101662
101738
101807
101818
101877
101984
101987
102115
102287
102377
102424
102466
102525
102526
102530
102573
102577
102621
102649
102699
102763
102777
102807
102808
102860
102871
102876
102893
102900
102945
102950
102954
102959
103039
103296
103374
103739
104068
104106
104152
104169
104197
104231
104294
104412
104532
104625
104766
104838
104890
104893
104896
105024
105031
105059
105089
105349
105411
105441
105443
105445
105600
105728
105970
106312
106350
106370
106661
106694
106978
107125
107126
107153
107202
107205
107211
107216
107472
107475
107507
107550
107641
107653
107689
107700
107706
107730
107794
107802
107807
107816
107883
107885
107895
107896
107915
107959
107968
107978
107984
107994
108001
108028
108055
108079
108091
108099
108105
108112
108143
108168
108185
108192
108207
108348
108573
108638
108646
108770
108829
108872
108885
108911
109029
109216
109265
109475
109984
110394
110794
110807
110992
111050
111051
111054
111082
111137
111208
111218
111257
111299
111302
111434
111470
111656
112056
112072
112103
112104
112114
112121
112230
112235
112408
112477
112942
112997
113227
113229
113239
113342
113523
113606
114466
114481
114490
114517
114518
114534
114537
114539
114586
114611
114619
114718
114753
114756
114809
114833
114835
114851
114864
114866
114892
114899
114947
114961
114973
115015
115087
115101
115108
115133
115145
115198
115245
115249
115255
115266
115274
115288
115990
116469
116545
117046
117177
117180
117235
117255
117278
117439
117588
117636
117659
117682
117765
117782
117892
118073
118187
118241
118276
118342
118343
118383
118401
118465
118534
118770
118952
119048
119070
119096
119202
119206
119224
119226
119239
119350
119359
119365
119367
119375
119392
119396
119399
119405
119411
119435
119461
119462
119465
119473
119494
119515
119525
119559
119565
119618
119630
119702
119703
119802
119874
119927
119936
119979
120004
120057
120065
120086
120087
120108
120118
120157
120158
120159
120171
120183
120210
120227
120228
120232
120235
120255
120266
120308
120375
120608
120693
120720
120729
120799
120842
120942
121025
121026
121029
121186
121396
121475
121697
121723
121724
121743
121775
121804
121891
121918
121922
121945
122045
122056
122071
122077
122083
122084
122113
122129
122166
122228
122239
122298
122306
122312
122335
122337
122340
122604
122679
122737
122752
122757
122759
122766
122796
122809
122823
122831
122832
122848
123087
123092
123137
123221
123450
123464
123567
123581
123585
123587
123608
123626
123627
123630
123648
123664
123726
123738
123742
123755
123796
123800
123831
123871
123879
123895
123913
123915
123935
123938
123964
123979
123982
123991
124000
124093
124143
124225
124326
124357
124432
124656
124786
124913
124966
125181
125198
125207
125208
125468
125516
125737
125871
125874
125889
125916
125917
126041
126079
126383
126569
126573
127019
127115
127154
127370
127415
127448
127557
127601
127693
127824
127838
127868
127894
127988
127995
127998
128015
128019
128057
128125
128242
128356
128458
128645
128781
128841
128847
128859
128878
129002
129109
129285
129289
129297
129360
129367
129413
129439
129558
129615
129764
130078
130171
130211
130227
130242
130313
130737
130762
130830
130923
130998
131057
131153
131244
131419
131560
131689
131697
131738
131760
131790
131938
131954
132213
132282
132386
132387
132472
132524
132525
132781
132862
132919
132933
133077
133098
133295
133314
133383
133402
133503
133560
133620
133721
133826
133842
133985
134018
134082
134084
134085
134152
134166
134185
134310
134340
134442
134459
134460
134467
134490
134497
134601
134606
134613
134632
134669
134732
134906
134947
134970
134976
134985
135109
135244
135269
135309
135313
135342
135785
75636
