10416
10458
10459
10465
10466
10467
10468
10469
10470
10471
10494
10551
10569
10577
10650
10663
10690
10713
10790
11005
11049
11103
11127
11159
11197
11624
11634
11650
11870
11873
12474
12520
12530
12559
12591
12629
12687
12736
12921
13185
13540
13792
13810
13811
13849
14432
14440
14446
14575
14749
14950
14956
14960
14969
14982
15099
15232
15314
15432
15560
15576
15868
16040
16045
16064
16156
16367
16380
16748
16771
16898
16950
17085
17110
17112
17268
17320
17473
17477
17893
18134
18171
18377
18380
18387
18389
18465
18486
18812
19255
19295
19622
20191
20245
20342
20353
20442
20543
21126
21672
21680
21718
21796
21859
22038
22069
22207
22230
22474
22502
23165
23280
23524
23565
24082
24230
24666
24748
24766
24904
24973
25096
25203
25229
25474
25476
25544
25588
26327
26402
26818
26840
26945
27063
27337
27648
27873
28283
28891
29182
29334
29336
30508
30790
31010
31043
31422
31822
32912
33009
33037
33255
34002
34084
34230
34536
34756
35740
35776
36247
36736
37056
37336
37625
37817
37982
38101
38198
38312
38394
38404
38852
38904
39031
39212
39981
40384
40486
40821
40826
41091
41317
41375
41416
41635
41881
42008
42785
43085
43507
43525
43594
43672
43678
43708
43841
44185
44187
44219
44564
44589
45749
47263
47499
47530
47896
47964
50224
51038
53025
53469
54117
54384
54405
54585
54586
54889
54949
55466
55891
56008
56294
56295
56801
57030
57109
57166
60164
60182
60558
60648
60770
60819
60823
60842
60855
60923
60946
60947
60974
61080
61251
61398
61562
61836
61888
61973
61993
62074
62108
62110
62114
62314
62441
62468
62600
62620
62634
62717
62883
62921
62932
62937
62960
62966
62976
62979
63002
64706
64725
64759
64781
64945
64971
64980
64982
65035
65037
65048
65054
65060
65079
65082
65132
65174
65230
65254
65281
65307
65309
65319
65344
65359
65452
65476
65482
65494
65536
65552
65559
65707
65751
65755
65820
65864
65937
65938
65981
65999
66005
66170
66340
66383
66474
66490
67316
67339
67545
67550
67821
67822
67973
68167
68271
68595
68597
68609
68741
68759
68816
69271
69417
69481
69661
70088
70095
70552
71055
71120
71141
71212
71309
71327
71364
71456
71469
71724
71736
71873
71884
71961
71976
72103
72158
72168
72222
72284
72285
72348
72355
72362
72363
72411
72422
72423
72424
72440
72441
72476
72571
72753
72853
72937
73038
73041
73062
73111
73121
73146
73157
73193
73246
73289
73296
73299
73303
73309
73352
73359
73398
73402
73412
73448
73466
73563
73572
73576
73587
73641
73659
73834
74209
74509
74607
74880
75107
75141
75195
75330
75363
75485
75502
75592
98942
99614
99656
99716
99723
99891
99959
100082
100093
100094
100097
100125
100266
100477
100516
100655
100855
100909
101190
101200
101532
101574
101638
101713
101810
102227
102262
102430
102582
102610
102894
103442
103830
103891
104151
104234
104264
104361
104536
104751
104778
104787
104802
104836
104841
104858
104978
105007
105044
105068
105125
105456
105663
105840
105841
105878
106027
106287
106358
106371
106373
106582
106647
106838
107045
107352
107564
107650
107691
107775
107810
107817
107828
107847
107981
108002
108004
108069
108086
108147
108151
108172
108187
108607
108781
108782
109035
109145
109146
109206
109235
109505
109506
110217
110606
110680
111253
111278
112111
112358
112918
114667
114690
114894
114918
114924
114927
114935
114999
115098
115175
115204
115260
115325
115362
115370
116622
116733
116802
116804
116863
117176
117384
117573
117748
117831
118109
118486
118497
118678
118692
119034
119192
119221
119228
119250
119297
119304
119311
119342
119343
119352
119450
119549
119553
119561
119583
119593
119786
119895
119926
120012
120678
121841
121871
121893
121947
121950
121963
121964
121992
121999
122001
122005
122010
122016
122021
122070
122091
122097
122098
122116
122119
122128
122131
122149
122184
122196
122227
122230
122260
122261
122281
122304
122348
122685
122724
122732
122746
122844
123607
123610
123643
123675
123677
123699
123723
123724
123762
123770
123787
123794
123795
123802
123804
123805
123809
123811
123814
123826
123830
123883
123884
123908
123909
123914
123929
123952
123953
123959
123962
123973
123985
124003
124013
124019
124020
124022
124023
124214
124258
124349
124402
124437
124886
124992
125128
125210
125231
125628
125641
125843
126016
126144
126145
126279
126408
126409
126504
126511
126803
126805
126845
126923
126941
127406
127527
127555
127607
127627
127766
127861
127866
127885
127942
127948
128016
128135
128210
128229
128239
128355
128491
128787
128814
128837
128869
129042
129156
129407
129417
129519
129552
129608
129763
129863
129892
130013
130312
130331
130394
130662
130667
130704
130731
131281
131590
131627
131717
131742
131814
131857
131948
131961
131994
132121
132296
132379
132404
132425
132605
132775
132812
132814
132825
132836
132887
132899
132910
132957
132969
132991
133011
133021
133026
133064
133125
133358
133379
134715
134897
135242
135250
135282
135348
135411
135728
135754
